Energy=0.100000 eV
theta,rad   sq_contrib(lm)   cross_contrib(lml’m)   total_PAD
      0.000000      3.311301E-01     -1.578935E-02      3.153408E-01
      0.031416      3.311300E-01     -1.576598E-02      3.153640E-01
      0.062832      3.311296E-01     -1.569597E-02      3.154336E-01
      0.094248      3.311289E-01     -1.557960E-02      3.155493E-01
      0.125664      3.311279E-01     -1.541731E-02      3.157106E-01
      0.157080      3.311267E-01     -1.520976E-02      3.159169E-01
      0.188496      3.311252E-01     -1.495776E-02      3.161674E-01
      0.219911      3.311234E-01     -1.466231E-02      3.164611E-01
      0.251327      3.311214E-01     -1.432457E-02      3.167968E-01
      0.282743      3.311191E-01     -1.394588E-02      3.171732E-01
      0.314159      3.311166E-01     -1.352773E-02      3.175889E-01
      0.345575      3.311139E-01     -1.307177E-02      3.180422E-01
      0.376991      3.311110E-01     -1.257979E-02      3.185312E-01
      0.408407      3.311078E-01     -1.205375E-02      3.190541E-01
      0.439823      3.311045E-01     -1.149572E-02      3.196088E-01
      0.471239      3.311010E-01     -1.090790E-02      3.201931E-01
      0.502655      3.310973E-01     -1.029261E-02      3.208047E-01
      0.534071      3.310935E-01     -9.652272E-03      3.214413E-01
      0.565487      3.310896E-01     -8.989422E-03      3.221002E-01
      0.596903      3.310855E-01     -8.306674E-03      3.227788E-01
      0.628319      3.310813E-01     -7.606722E-03      3.234746E-01
      0.659734      3.310771E-01     -6.892327E-03      3.241848E-01
      0.691150      3.310727E-01     -6.166310E-03      3.249064E-01
      0.722566      3.310684E-01     -5.431536E-03      3.256368E-01
      0.753982      3.310640E-01     -4.690904E-03      3.263730E-01
      0.785398      3.310595E-01     -3.947338E-03      3.271122E-01
      0.816814      3.310551E-01     -3.203772E-03      3.278513E-01
      0.848230      3.310507E-01     -2.463140E-03      3.285875E-01
      0.879646      3.310463E-01     -1.728366E-03      3.293179E-01
      0.911062      3.310420E-01     -1.002349E-03      3.300396E-01
      0.942478      3.310377E-01     -2.879544E-04      3.307497E-01
      0.973894      3.310335E-01      4.119981E-04      3.314455E-01
      1.005310      3.310295E-01      1.094746E-03      3.321242E-01
      1.036726      3.310255E-01      1.757596E-03      3.327831E-01
      1.068142      3.310217E-01      2.397930E-03      3.334196E-01
      1.099557      3.310180E-01      3.013223E-03      3.340312E-01
      1.130973      3.310145E-01      3.601046E-03      3.346156E-01
      1.162389      3.310112E-01      4.159078E-03      3.351703E-01
      1.193805      3.310081E-01      4.685119E-03      3.356932E-01
      1.225221      3.310051E-01      5.177091E-03      3.361822E-01
      1.256637      3.310024E-01      5.633053E-03      3.366355E-01
      1.288053      3.309999E-01      6.051205E-03      3.370511E-01
      1.319469      3.309977E-01      6.429898E-03      3.374276E-01
      1.350885      3.309956E-01      6.767637E-03      3.377633E-01
      1.382301      3.309939E-01      7.063088E-03      3.380570E-01
      1.413717      3.309924E-01      7.315087E-03      3.383075E-01
      1.445133      3.309911E-01      7.522637E-03      3.385138E-01
      1.476549      3.309902E-01      7.684921E-03      3.386751E-01
      1.507964      3.309895E-01      7.801298E-03      3.387908E-01
      1.539380      3.309891E-01      7.871309E-03      3.388604E-01
      1.570796      3.309889E-01      7.894676E-03      3.388836E-01
      1.602212      3.309891E-01      7.871309E-03      3.388604E-01
      1.633628      3.309895E-01      7.801298E-03      3.387908E-01
      1.665044      3.309902E-01      7.684921E-03      3.386751E-01
      1.696460      3.309911E-01      7.522637E-03      3.385138E-01
      1.727876      3.309924E-01      7.315087E-03      3.383075E-01
      1.759292      3.309939E-01      7.063088E-03      3.380570E-01
      1.790708      3.309956E-01      6.767637E-03      3.377633E-01
      1.822124      3.309977E-01      6.429898E-03      3.374276E-01
      1.853540      3.309999E-01      6.051205E-03      3.370511E-01
      1.884956      3.310024E-01      5.633053E-03      3.366355E-01
      1.916372      3.310051E-01      5.177091E-03      3.361822E-01
      1.947787      3.310081E-01      4.685119E-03      3.356932E-01
      1.979203      3.310112E-01      4.159078E-03      3.351703E-01
      2.010619      3.310145E-01      3.601046E-03      3.346156E-01
      2.042035      3.310180E-01      3.013223E-03      3.340312E-01
      2.073451      3.310217E-01      2.397930E-03      3.334196E-01
      2.104867      3.310255E-01      1.757596E-03      3.327831E-01
      2.136283      3.310295E-01      1.094746E-03      3.321242E-01
      2.167699      3.310335E-01      4.119981E-04      3.314455E-01
      2.199115      3.310377E-01     -2.879544E-04      3.307497E-01
      2.230531      3.310420E-01     -1.002349E-03      3.300396E-01
      2.261947      3.310463E-01     -1.728366E-03      3.293179E-01
      2.293363      3.310507E-01     -2.463140E-03      3.285875E-01
      2.324779      3.310551E-01     -3.203772E-03      3.278513E-01
      2.356194      3.310595E-01     -3.947338E-03      3.271122E-01
      2.387610      3.310640E-01     -4.690904E-03      3.263730E-01
      2.419026      3.310684E-01     -5.431536E-03      3.256368E-01
      2.450442      3.310727E-01     -6.166310E-03      3.249064E-01
      2.481858      3.310771E-01     -6.892327E-03      3.241848E-01
      2.513274      3.310813E-01     -7.606722E-03      3.234746E-01
      2.544690      3.310855E-01     -8.306674E-03      3.227788E-01
      2.576106      3.310896E-01     -8.989422E-03      3.221002E-01
      2.607522      3.310935E-01     -9.652272E-03      3.214413E-01
      2.638938      3.310973E-01     -1.029261E-02      3.208047E-01
      2.670354      3.311010E-01     -1.090790E-02      3.201931E-01
      2.701770      3.311045E-01     -1.149572E-02      3.196088E-01
      2.733186      3.311078E-01     -1.205375E-02      3.190541E-01
      2.764602      3.311110E-01     -1.257979E-02      3.185312E-01
      2.796017      3.311139E-01     -1.307177E-02      3.180422E-01
      2.827433      3.311166E-01     -1.352773E-02      3.175889E-01
      2.858849      3.311191E-01     -1.394588E-02      3.171732E-01
      2.890265      3.311214E-01     -1.432457E-02      3.167968E-01
      2.921681      3.311234E-01     -1.466231E-02      3.164611E-01
      2.953097      3.311252E-01     -1.495776E-02      3.161674E-01
      2.984513      3.311267E-01     -1.520976E-02      3.159169E-01
      3.015929      3.311279E-01     -1.541731E-02      3.157106E-01
      3.047345      3.311289E-01     -1.557960E-02      3.155493E-01
      3.078761      3.311296E-01     -1.569597E-02      3.154336E-01
      3.110177      3.311300E-01     -1.576598E-02      3.153640E-01
      3.141593      3.311301E-01     -1.578935E-02      3.153408E-01
__________________________________
Energy=0.300000 eV
theta,rad   sq_contrib(lm)   cross_contrib(lml’m)   total_PAD
      0.000000      2.956786E-01     -4.267875E-02      2.529998E-01
      0.031416      2.956774E-01     -4.261559E-02      2.530619E-01
      0.062832      2.956740E-01     -4.242635E-02      2.532477E-01
      0.094248      2.956683E-01     -4.211178E-02      2.535565E-01
      0.125664      2.956603E-01     -4.167312E-02      2.539872E-01
      0.157080      2.956502E-01     -4.111211E-02      2.545381E-01
      0.188496      2.956378E-01     -4.043096E-02      2.552069E-01
      0.219911      2.956233E-01     -3.963235E-02      2.559910E-01
      0.251327      2.956068E-01     -3.871944E-02      2.568874E-01
      0.282743      2.955882E-01     -3.769583E-02      2.578924E-01
      0.314159      2.955677E-01     -3.656556E-02      2.590022E-01
      0.345575      2.955454E-01     -3.533309E-02      2.602123E-01
      0.376991      2.955213E-01     -3.400329E-02      2.615180E-01
      0.408407      2.954955E-01     -3.258140E-02      2.629141E-01
      0.439823      2.954682E-01     -3.107303E-02      2.643951E-01
      0.471239      2.954393E-01     -2.948414E-02      2.659552E-01
      0.502655      2.954092E-01     -2.782100E-02      2.675882E-01
      0.534071      2.953778E-01     -2.609017E-02      2.692876E-01
      0.565487      2.953453E-01     -2.429848E-02      2.710468E-01
      0.596903      2.953119E-01     -2.245301E-02      2.728589E-01
      0.628319      2.952776E-01     -2.056103E-02      2.747165E-01
      0.659734      2.952426E-01     -1.863002E-02      2.766125E-01
      0.691150      2.952070E-01     -1.666759E-02      2.785394E-01
      0.722566      2.951710E-01     -1.468149E-02      2.804895E-01
      0.753982      2.951347E-01     -1.267955E-02      2.824551E-01
      0.785398      2.950982E-01     -1.066969E-02      2.844285E-01
      0.816814      2.950618E-01     -8.659821E-03      2.864020E-01
      0.848230      2.950255E-01     -6.657888E-03      2.883676E-01
      0.879646      2.949895E-01     -4.671787E-03      2.903177E-01
      0.911062      2.949539E-01     -2.709357E-03      2.922445E-01
      0.942478      2.949189E-01     -7.783432E-04      2.941405E-01
      0.973894      2.948846E-01      1.113634E-03      2.959982E-01
      1.005310      2.948511E-01      2.959108E-03      2.978102E-01
      1.036726      2.948186E-01      4.750796E-03      2.995694E-01
      1.068142      2.947872E-01      6.481626E-03      3.012689E-01
      1.099557      2.947571E-01      8.144767E-03      3.029019E-01
      1.130973      2.947283E-01      9.733656E-03      3.044619E-01
      1.162389      2.947009E-01      1.124202E-02      3.059430E-01
      1.193805      2.946752E-01      1.266391E-02      3.073391E-01
      1.225221      2.946510E-01      1.399372E-02      3.086448E-01
      1.256637      2.946287E-01      1.522619E-02      3.098549E-01
      1.288053      2.946082E-01      1.635646E-02      3.109647E-01
      1.319469      2.945896E-01      1.738007E-02      3.119697E-01
      1.350885      2.945731E-01      1.829298E-02      3.128661E-01
      1.382301      2.945586E-01      1.909159E-02      3.136502E-01
      1.413717      2.945463E-01      1.977274E-02      3.143190E-01
      1.445133      2.945361E-01      2.033375E-02      3.148698E-01
      1.476549      2.945281E-01      2.077241E-02      3.153005E-01
      1.507964      2.945224E-01      2.108697E-02      3.156094E-01
      1.539380      2.945190E-01      2.127621E-02      3.157952E-01
      1.570796      2.945179E-01      2.133937E-02      3.158572E-01
      1.602212      2.945190E-01      2.127621E-02      3.157952E-01
      1.633628      2.945224E-01      2.108697E-02      3.156094E-01
      1.665044      2.945281E-01      2.077241E-02      3.153005E-01
      1.696460      2.945361E-01      2.033375E-02      3.148698E-01
      1.727876      2.945463E-01      1.977274E-02      3.143190E-01
      1.759292      2.945586E-01      1.909159E-02      3.136502E-01
      1.790708      2.945731E-01      1.829298E-02      3.128661E-01
      1.822124      2.945896E-01      1.738007E-02      3.119697E-01
      1.853540      2.946082E-01      1.635646E-02      3.109647E-01
      1.884956      2.946287E-01      1.522619E-02      3.098549E-01
      1.916372      2.946510E-01      1.399372E-02      3.086448E-01
      1.947787      2.946752E-01      1.266391E-02      3.073391E-01
      1.979203      2.947009E-01      1.124202E-02      3.059430E-01
      2.010619      2.947283E-01      9.733656E-03      3.044619E-01
      2.042035      2.947571E-01      8.144767E-03      3.029019E-01
      2.073451      2.947872E-01      6.481626E-03      3.012689E-01
      2.104867      2.948186E-01      4.750796E-03      2.995694E-01
      2.136283      2.948511E-01      2.959108E-03      2.978102E-01
      2.167699      2.948846E-01      1.113634E-03      2.959982E-01
      2.199115      2.949189E-01     -7.783432E-04      2.941405E-01
      2.230531      2.949539E-01     -2.709357E-03      2.922445E-01
      2.261947      2.949895E-01     -4.671787E-03      2.903177E-01
      2.293363      2.950255E-01     -6.657888E-03      2.883676E-01
      2.324779      2.950618E-01     -8.659821E-03      2.864020E-01
      2.356194      2.950982E-01     -1.066969E-02      2.844285E-01
      2.387610      2.951347E-01     -1.267955E-02      2.824551E-01
      2.419026      2.951710E-01     -1.468149E-02      2.804895E-01
      2.450442      2.952070E-01     -1.666759E-02      2.785394E-01
      2.481858      2.952426E-01     -1.863002E-02      2.766125E-01
      2.513274      2.952776E-01     -2.056103E-02      2.747165E-01
      2.544690      2.953119E-01     -2.245301E-02      2.728589E-01
      2.576106      2.953453E-01     -2.429848E-02      2.710468E-01
      2.607522      2.953778E-01     -2.609017E-02      2.692876E-01
      2.638938      2.954092E-01     -2.782100E-02      2.675882E-01
      2.670354      2.954393E-01     -2.948414E-02      2.659552E-01
      2.701770      2.954682E-01     -3.107303E-02      2.643951E-01
      2.733186      2.954955E-01     -3.258140E-02      2.629141E-01
      2.764602      2.955213E-01     -3.400329E-02      2.615180E-01
      2.796017      2.955454E-01     -3.533309E-02      2.602123E-01
      2.827433      2.955677E-01     -3.656556E-02      2.590022E-01
      2.858849      2.955882E-01     -3.769583E-02      2.578924E-01
      2.890265      2.956068E-01     -3.871944E-02      2.568874E-01
      2.921681      2.956233E-01     -3.963235E-02      2.559910E-01
      2.953097      2.956378E-01     -4.043096E-02      2.552069E-01
      2.984513      2.956502E-01     -4.111211E-02      2.545381E-01
      3.015929      2.956603E-01     -4.167312E-02      2.539872E-01
      3.047345      2.956683E-01     -4.211178E-02      2.535565E-01
      3.078761      2.956740E-01     -4.242635E-02      2.532477E-01
      3.110177      2.956774E-01     -4.261559E-02      2.530619E-01
      3.141593      2.956786E-01     -4.267875E-02      2.529998E-01
__________________________________
Energy=0.500000 eV
theta,rad   sq_contrib(lm)   cross_contrib(lml’m)   total_PAD
      0.000000      2.654931E-01     -6.411774E-02      2.013753E-01
      0.031416      2.654901E-01     -6.402285E-02      2.014673E-01
      0.062832      2.654814E-01     -6.373855E-02      2.017429E-01
      0.094248      2.654670E-01     -6.326596E-02      2.022010E-01
      0.125664      2.654468E-01     -6.260696E-02      2.028398E-01
      0.157080      2.654210E-01     -6.176413E-02      2.036568E-01
      0.188496      2.653896E-01     -6.074081E-02      2.046488E-01
      0.219911      2.653529E-01     -5.954103E-02      2.058118E-01
      0.251327      2.653109E-01     -5.816954E-02      2.071413E-01
      0.282743      2.652638E-01     -5.663173E-02      2.086320E-01
      0.314159      2.652118E-01     -5.493369E-02      2.102781E-01
      0.345575      2.651550E-01     -5.308211E-02      2.120729E-01
      0.376991      2.650938E-01     -5.108430E-02      2.140095E-01
      0.408407      2.650284E-01     -4.894814E-02      2.160803E-01
      0.439823      2.649590E-01     -4.668207E-02      2.182769E-01
      0.471239      2.648859E-01     -4.429503E-02      2.205909E-01
      0.502655      2.648094E-01     -4.179644E-02      2.230129E-01
      0.534071      2.647297E-01     -3.919615E-02      2.255336E-01
      0.565487      2.646473E-01     -3.650444E-02      2.281428E-01
      0.596903      2.645624E-01     -3.373192E-02      2.308304E-01
      0.628319      2.644753E-01     -3.088954E-02      2.335858E-01
      0.659734      2.643864E-01     -2.798851E-02      2.363979E-01
      0.691150      2.642961E-01     -2.504028E-02      2.392559E-01
      0.722566      2.642047E-01     -2.205650E-02      2.421482E-01
      0.753982      2.641126E-01     -1.904892E-02      2.450637E-01
      0.785398      2.640201E-01     -1.602943E-02      2.479907E-01
      0.816814      2.639277E-01     -1.300994E-02      2.509177E-01
      0.848230      2.638355E-01     -1.000237E-02      2.538332E-01
      0.879646      2.637441E-01     -7.018585E-03      2.567256E-01
      0.911062      2.636538E-01     -4.070360E-03      2.595835E-01
      0.942478      2.635650E-01     -1.169331E-03      2.623957E-01
      0.973894      2.634779E-01      1.673051E-03      2.651510E-01
      1.005310      2.633930E-01      4.445569E-03      2.678386E-01
      1.036726      2.633106E-01      7.137282E-03      2.704478E-01
      1.068142      2.632309E-01      9.737567E-03      2.729685E-01
      1.099557      2.631544E-01      1.223616E-02      2.753905E-01
      1.130973      2.630813E-01      1.462320E-02      2.777045E-01
      1.162389      2.630119E-01      1.688927E-02      2.799011E-01
      1.193805      2.629464E-01      1.902543E-02      2.819719E-01
      1.225221      2.628852E-01      2.102324E-02      2.839085E-01
      1.256637      2.628285E-01      2.287482E-02      2.857033E-01
      1.288053      2.627765E-01      2.457286E-02      2.873494E-01
      1.319469      2.627294E-01      2.611067E-02      2.888401E-01
      1.350885      2.626874E-01      2.748216E-02      2.901696E-01
      1.382301      2.626507E-01      2.868194E-02      2.913326E-01
      1.413717      2.626193E-01      2.970526E-02      2.923246E-01
      1.445133      2.625935E-01      3.054809E-02      2.931416E-01
      1.476549      2.625733E-01      3.120709E-02      2.937804E-01
      1.507964      2.625588E-01      3.167968E-02      2.942385E-01
      1.539380      2.625501E-01      3.196398E-02      2.945141E-01
      1.570796      2.625472E-01      3.205887E-02      2.946061E-01
      1.602212      2.625501E-01      3.196398E-02      2.945141E-01
      1.633628      2.625588E-01      3.167968E-02      2.942385E-01
      1.665044      2.625733E-01      3.120709E-02      2.937804E-01
      1.696460      2.625935E-01      3.054809E-02      2.931416E-01
      1.727876      2.626193E-01      2.970526E-02      2.923246E-01
      1.759292      2.626507E-01      2.868194E-02      2.913326E-01
      1.790708      2.626874E-01      2.748216E-02      2.901696E-01
      1.822124      2.627294E-01      2.611067E-02      2.888401E-01
      1.853540      2.627765E-01      2.457286E-02      2.873494E-01
      1.884956      2.628285E-01      2.287482E-02      2.857033E-01
      1.916372      2.628852E-01      2.102324E-02      2.839085E-01
      1.947787      2.629464E-01      1.902543E-02      2.819719E-01
      1.979203      2.630119E-01      1.688927E-02      2.799011E-01
      2.010619      2.630813E-01      1.462320E-02      2.777045E-01
      2.042035      2.631544E-01      1.223616E-02      2.753905E-01
      2.073451      2.632309E-01      9.737567E-03      2.729685E-01
      2.104867      2.633106E-01      7.137282E-03      2.704478E-01
      2.136283      2.633930E-01      4.445569E-03      2.678386E-01
      2.167699      2.634779E-01      1.673051E-03      2.651510E-01
      2.199115      2.635650E-01     -1.169331E-03      2.623957E-01
      2.230531      2.636538E-01     -4.070360E-03      2.595835E-01
      2.261947      2.637441E-01     -7.018585E-03      2.567256E-01
      2.293363      2.638355E-01     -1.000237E-02      2.538332E-01
      2.324779      2.639277E-01     -1.300994E-02      2.509177E-01
      2.356194      2.640201E-01     -1.602943E-02      2.479907E-01
      2.387610      2.641126E-01     -1.904892E-02      2.450637E-01
      2.419026      2.642047E-01     -2.205650E-02      2.421482E-01
      2.450442      2.642961E-01     -2.504028E-02      2.392559E-01
      2.481858      2.643864E-01     -2.798851E-02      2.363979E-01
      2.513274      2.644753E-01     -3.088954E-02      2.335858E-01
      2.544690      2.645624E-01     -3.373192E-02      2.308304E-01
      2.576106      2.646473E-01     -3.650444E-02      2.281428E-01
      2.607522      2.647297E-01     -3.919615E-02      2.255336E-01
      2.638938      2.648094E-01     -4.179644E-02      2.230129E-01
      2.670354      2.648859E-01     -4.429503E-02      2.205909E-01
      2.701770      2.649590E-01     -4.668207E-02      2.182769E-01
      2.733186      2.650284E-01     -4.894814E-02      2.160803E-01
      2.764602      2.650938E-01     -5.108430E-02      2.140095E-01
      2.796017      2.651550E-01     -5.308211E-02      2.120729E-01
      2.827433      2.652118E-01     -5.493369E-02      2.102781E-01
      2.858849      2.652638E-01     -5.663173E-02      2.086320E-01
      2.890265      2.653109E-01     -5.816954E-02      2.071413E-01
      2.921681      2.653529E-01     -5.954103E-02      2.058118E-01
      2.953097      2.653896E-01     -6.074081E-02      2.046488E-01
      2.984513      2.654210E-01     -6.176413E-02      2.036568E-01
      3.015929      2.654468E-01     -6.260696E-02      2.028398E-01
      3.047345      2.654670E-01     -6.326596E-02      2.022010E-01
      3.078761      2.654814E-01     -6.373855E-02      2.017429E-01
      3.110177      2.654901E-01     -6.402285E-02      2.014673E-01
      3.141593      2.654931E-01     -6.411774E-02      2.013753E-01
__________________________________
Energy=0.700000 eV
theta,rad   sq_contrib(lm)   cross_contrib(lml’m)   total_PAD
      0.000000      2.397843E-01     -8.095170E-02      1.588326E-01
      0.031416      2.397791E-01     -8.083190E-02      1.589472E-01
      0.062832      2.397635E-01     -8.047296E-02      1.592905E-01
      0.094248      2.397376E-01     -7.987630E-02      1.598613E-01
      0.125664      2.397014E-01     -7.904427E-02      1.606571E-01
      0.157080      2.396552E-01     -7.798016E-02      1.616750E-01
      0.188496      2.395990E-01     -7.668817E-02      1.629109E-01
      0.219911      2.395332E-01     -7.517340E-02      1.643598E-01
      0.251327      2.394580E-01     -7.344182E-02      1.660161E-01
      0.282743      2.393736E-01     -7.150027E-02      1.678733E-01
      0.314159      2.392804E-01     -6.935640E-02      1.699240E-01
      0.345575      2.391788E-01     -6.701870E-02      1.721601E-01
      0.376991      2.390692E-01     -6.449637E-02      1.745728E-01
      0.408407      2.389520E-01     -6.179937E-02      1.771526E-01
      0.439823      2.388277E-01     -5.893835E-02      1.798893E-01
      0.471239      2.386967E-01     -5.592459E-02      1.827721E-01
      0.502655      2.385596E-01     -5.277000E-02      1.857896E-01
      0.534071      2.384169E-01     -4.948701E-02      1.889299E-01
      0.565487      2.382693E-01     -4.608860E-02      1.921807E-01
      0.596903      2.381171E-01     -4.258816E-02      1.955290E-01
      0.628319      2.379612E-01     -3.899952E-02      1.989617E-01
      0.659734      2.378020E-01     -3.533683E-02      2.024652E-01
      0.691150      2.376402E-01     -3.161455E-02      2.060257E-01
      0.722566      2.374765E-01     -2.784738E-02      2.096292E-01
      0.753982      2.373115E-01     -2.405018E-02      2.132613E-01
      0.785398      2.371459E-01     -2.023793E-02      2.169079E-01
      0.816814      2.369802E-01     -1.642568E-02      2.205545E-01
      0.848230      2.368152E-01     -1.262847E-02      2.241867E-01
      0.879646      2.366515E-01     -8.861299E-03      2.277902E-01
      0.911062      2.364897E-01     -5.139023E-03      2.313507E-01
      0.942478      2.363305E-01     -1.476337E-03      2.348542E-01
      0.973894      2.361746E-01      2.112306E-03      2.382869E-01
      1.005310      2.360224E-01      5.612743E-03      2.416352E-01
      1.036726      2.358748E-01      9.011160E-03      2.448859E-01
      1.068142      2.357321E-01      1.229414E-02      2.480262E-01
      1.099557      2.355950E-01      1.544874E-02      2.510437E-01
      1.130973      2.354640E-01      1.846249E-02      2.539265E-01
      1.162389      2.353397E-01      2.132352E-02      2.566632E-01
      1.193805      2.352225E-01      2.402051E-02      2.592430E-01
      1.225221      2.351129E-01      2.654284E-02      2.616557E-01
      1.256637      2.350113E-01      2.888055E-02      2.638918E-01
      1.288053      2.349181E-01      3.102441E-02      2.659425E-01
      1.319469      2.348337E-01      3.296596E-02      2.677997E-01
      1.350885      2.347585E-01      3.469754E-02      2.694560E-01
      1.382301      2.346927E-01      3.621232E-02      2.709050E-01
      1.413717      2.346365E-01      3.750431E-02      2.721408E-01
      1.445133      2.345903E-01      3.856842E-02      2.731587E-01
      1.476549      2.345541E-01      3.940044E-02      2.739546E-01
      1.507964      2.345282E-01      3.999711E-02      2.745253E-01
      1.539380      2.345126E-01      4.035605E-02      2.748686E-01
      1.570796      2.345074E-01      4.047585E-02      2.749832E-01
      1.602212      2.345126E-01      4.035605E-02      2.748686E-01
      1.633628      2.345282E-01      3.999711E-02      2.745253E-01
      1.665044      2.345541E-01      3.940044E-02      2.739546E-01
      1.696460      2.345903E-01      3.856842E-02      2.731587E-01
      1.727876      2.346365E-01      3.750431E-02      2.721408E-01
      1.759292      2.346927E-01      3.621232E-02      2.709050E-01
      1.790708      2.347585E-01      3.469754E-02      2.694560E-01
      1.822124      2.348337E-01      3.296596E-02      2.677997E-01
      1.853540      2.349181E-01      3.102441E-02      2.659425E-01
      1.884956      2.350113E-01      2.888055E-02      2.638918E-01
      1.916372      2.351129E-01      2.654284E-02      2.616557E-01
      1.947787      2.352225E-01      2.402051E-02      2.592430E-01
      1.979203      2.353397E-01      2.132352E-02      2.566632E-01
      2.010619      2.354640E-01      1.846249E-02      2.539265E-01
      2.042035      2.355950E-01      1.544874E-02      2.510437E-01
      2.073451      2.357321E-01      1.229414E-02      2.480262E-01
      2.104867      2.358748E-01      9.011160E-03      2.448859E-01
      2.136283      2.360224E-01      5.612743E-03      2.416352E-01
      2.167699      2.361746E-01      2.112306E-03      2.382869E-01
      2.199115      2.363305E-01     -1.476337E-03      2.348542E-01
      2.230531      2.364897E-01     -5.139023E-03      2.313507E-01
      2.261947      2.366515E-01     -8.861299E-03      2.277902E-01
      2.293363      2.368152E-01     -1.262847E-02      2.241867E-01
      2.324779      2.369802E-01     -1.642568E-02      2.205545E-01
      2.356194      2.371459E-01     -2.023793E-02      2.169079E-01
      2.387610      2.373115E-01     -2.405018E-02      2.132613E-01
      2.419026      2.374765E-01     -2.784738E-02      2.096292E-01
      2.450442      2.376402E-01     -3.161455E-02      2.060257E-01
      2.481858      2.378020E-01     -3.533683E-02      2.024652E-01
      2.513274      2.379612E-01     -3.899952E-02      1.989617E-01
      2.544690      2.381171E-01     -4.258816E-02      1.955290E-01
      2.576106      2.382693E-01     -4.608860E-02      1.921807E-01
      2.607522      2.384169E-01     -4.948701E-02      1.889299E-01
      2.638938      2.385596E-01     -5.277000E-02      1.857896E-01
      2.670354      2.386967E-01     -5.592459E-02      1.827721E-01
      2.701770      2.388277E-01     -5.893835E-02      1.798893E-01
      2.733186      2.389520E-01     -6.179937E-02      1.771526E-01
      2.764602      2.390692E-01     -6.449637E-02      1.745728E-01
      2.796017      2.391788E-01     -6.701870E-02      1.721601E-01
      2.827433      2.392804E-01     -6.935640E-02      1.699240E-01
      2.858849      2.393736E-01     -7.150027E-02      1.678733E-01
      2.890265      2.394580E-01     -7.344182E-02      1.660161E-01
      2.921681      2.395332E-01     -7.517340E-02      1.643598E-01
      2.953097      2.395990E-01     -7.668817E-02      1.629109E-01
      2.984513      2.396552E-01     -7.798016E-02      1.616750E-01
      3.015929      2.397014E-01     -7.904427E-02      1.606571E-01
      3.047345      2.397376E-01     -7.987630E-02      1.598613E-01
      3.078761      2.397635E-01     -8.047296E-02      1.592905E-01
      3.110177      2.397791E-01     -8.083190E-02      1.589472E-01
      3.141593      2.397843E-01     -8.095170E-02      1.588326E-01
__________________________________
Energy=0.900000 eV
theta,rad   sq_contrib(lm)   cross_contrib(lml’m)   total_PAD
      0.000000      2.178754E-01     -9.390806E-02      1.239673E-01
      0.031416      2.178675E-01     -9.376908E-02      1.240984E-01
      0.062832      2.178439E-01     -9.335269E-02      1.244912E-01
      0.094248      2.178047E-01     -9.266054E-02      1.251442E-01
      0.125664      2.177501E-01     -9.169534E-02      1.260547E-01
      0.157080      2.176802E-01     -9.046092E-02      1.272193E-01
      0.188496      2.175954E-01     -8.896215E-02      1.286332E-01
      0.219911      2.174959E-01     -8.720493E-02      1.302909E-01
      0.251327      2.173821E-01     -8.519621E-02      1.321859E-01
      0.282743      2.172546E-01     -8.294392E-02      1.343107E-01
      0.314159      2.171138E-01     -8.045693E-02      1.366569E-01
      0.345575      2.169603E-01     -7.774507E-02      1.392152E-01
      0.376991      2.167946E-01     -7.481904E-02      1.419756E-01
      0.408407      2.166175E-01     -7.169038E-02      1.449271E-01
      0.439823      2.164296E-01     -6.837145E-02      1.480582E-01
      0.471239      2.162317E-01     -6.487535E-02      1.513563E-01
      0.502655      2.160245E-01     -6.121586E-02      1.548086E-01
      0.534071      2.158089E-01     -5.740743E-02      1.584014E-01
      0.565487      2.155857E-01     -5.346510E-02      1.621206E-01
      0.596903      2.153558E-01     -4.940441E-02      1.659514E-01
      0.628319      2.151201E-01     -4.524141E-02      1.698787E-01
      0.659734      2.148795E-01     -4.099250E-02      1.738870E-01
      0.691150      2.146351E-01     -3.667448E-02      1.779606E-01
      0.722566      2.143877E-01     -3.230437E-02      1.820833E-01
      0.753982      2.141383E-01     -2.789942E-02      1.862389E-01
      0.785398      2.138879E-01     -2.347702E-02      1.904109E-01
      0.816814      2.136375E-01     -1.905461E-02      1.945829E-01
      0.848230      2.133881E-01     -1.464966E-02      1.987385E-01
      0.879646      2.131407E-01     -1.027955E-02      2.028612E-01
      0.911062      2.128963E-01     -5.961527E-03      2.069347E-01
      0.942478      2.126557E-01     -1.712625E-03      2.109431E-01
      0.973894      2.124200E-01      2.450382E-03      2.148704E-01
      1.005310      2.121901E-01      6.511066E-03      2.187012E-01
      1.036726      2.119669E-01      1.045340E-02      2.224203E-01
      1.068142      2.117513E-01      1.426183E-02      2.260131E-01
      1.099557      2.115441E-01      1.792132E-02      2.294654E-01
      1.130973      2.113462E-01      2.141742E-02      2.327636E-01
      1.162389      2.111583E-01      2.473635E-02      2.358946E-01
      1.193805      2.109812E-01      2.786501E-02      2.388462E-01
      1.225221      2.108155E-01      3.079104E-02      2.416065E-01
      1.256637      2.106620E-01      3.350290E-02      2.441649E-01
      1.288053      2.105212E-01      3.598988E-02      2.465111E-01
      1.319469      2.103937E-01      3.824218E-02      2.486358E-01
      1.350885      2.102799E-01      4.025090E-02      2.505308E-01
      1.382301      2.101805E-01      4.200812E-02      2.521886E-01
      1.413717      2.100956E-01      4.350689E-02      2.536025E-01
      1.445133      2.100257E-01      4.474131E-02      2.547670E-01
      1.476549      2.099711E-01      4.570650E-02      2.556776E-01
      1.507964      2.099319E-01      4.639866E-02      2.563305E-01
      1.539380      2.099083E-01      4.681505E-02      2.567234E-01
      1.570796      2.099004E-01      4.695403E-02      2.568545E-01
      1.602212      2.099083E-01      4.681505E-02      2.567234E-01
      1.633628      2.099319E-01      4.639866E-02      2.563305E-01
      1.665044      2.099711E-01      4.570650E-02      2.556776E-01
      1.696460      2.100257E-01      4.474131E-02      2.547670E-01
      1.727876      2.100956E-01      4.350689E-02      2.536025E-01
      1.759292      2.101805E-01      4.200812E-02      2.521886E-01
      1.790708      2.102799E-01      4.025090E-02      2.505308E-01
      1.822124      2.103937E-01      3.824218E-02      2.486358E-01
      1.853540      2.105212E-01      3.598988E-02      2.465111E-01
      1.884956      2.106620E-01      3.350290E-02      2.441649E-01
      1.916372      2.108155E-01      3.079104E-02      2.416065E-01
      1.947787      2.109812E-01      2.786501E-02      2.388462E-01
      1.979203      2.111583E-01      2.473635E-02      2.358946E-01
      2.010619      2.113462E-01      2.141742E-02      2.327636E-01
      2.042035      2.115441E-01      1.792132E-02      2.294654E-01
      2.073451      2.117513E-01      1.426183E-02      2.260131E-01
      2.104867      2.119669E-01      1.045340E-02      2.224203E-01
      2.136283      2.121901E-01      6.511066E-03      2.187012E-01
      2.167699      2.124200E-01      2.450382E-03      2.148704E-01
      2.199115      2.126557E-01     -1.712625E-03      2.109431E-01
      2.230531      2.128963E-01     -5.961527E-03      2.069347E-01
      2.261947      2.131407E-01     -1.027955E-02      2.028612E-01
      2.293363      2.133881E-01     -1.464966E-02      1.987385E-01
      2.324779      2.136375E-01     -1.905461E-02      1.945829E-01
      2.356194      2.138879E-01     -2.347702E-02      1.904109E-01
      2.387610      2.141383E-01     -2.789942E-02      1.862389E-01
      2.419026      2.143877E-01     -3.230437E-02      1.820833E-01
      2.450442      2.146351E-01     -3.667448E-02      1.779606E-01
      2.481858      2.148795E-01     -4.099250E-02      1.738870E-01
      2.513274      2.151201E-01     -4.524141E-02      1.698787E-01
      2.544690      2.153558E-01     -4.940441E-02      1.659514E-01
      2.576106      2.155857E-01     -5.346510E-02      1.621206E-01
      2.607522      2.158089E-01     -5.740743E-02      1.584014E-01
      2.638938      2.160245E-01     -6.121586E-02      1.548086E-01
      2.670354      2.162317E-01     -6.487535E-02      1.513563E-01
      2.701770      2.164296E-01     -6.837145E-02      1.480582E-01
      2.733186      2.166175E-01     -7.169038E-02      1.449271E-01
      2.764602      2.167946E-01     -7.481904E-02      1.419756E-01
      2.796017      2.169603E-01     -7.774507E-02      1.392152E-01
      2.827433      2.171138E-01     -8.045693E-02      1.366569E-01
      2.858849      2.172546E-01     -8.294392E-02      1.343107E-01
      2.890265      2.173821E-01     -8.519621E-02      1.321859E-01
      2.921681      2.174959E-01     -8.720493E-02      1.302909E-01
      2.953097      2.175954E-01     -8.896215E-02      1.286332E-01
      2.984513      2.176802E-01     -9.046092E-02      1.272193E-01
      3.015929      2.177501E-01     -9.169534E-02      1.260547E-01
      3.047345      2.178047E-01     -9.266054E-02      1.251442E-01
      3.078761      2.178439E-01     -9.335269E-02      1.244912E-01
      3.110177      2.178675E-01     -9.376908E-02      1.240984E-01
      3.141593      2.178754E-01     -9.390806E-02      1.239673E-01
__________________________________
Energy=1.100000 eV
theta,rad   sq_contrib(lm)   cross_contrib(lml’m)   total_PAD
      0.000000      1.991863E-01     -1.036117E-01      9.557454E-02
      0.031416      1.991755E-01     -1.034584E-01      9.571714E-02
      0.062832      1.991433E-01     -1.029990E-01      9.614435E-02
      0.094248      1.990898E-01     -1.022353E-01      9.685449E-02
      0.125664      1.990151E-01     -1.011704E-01      9.784477E-02
      0.157080      1.989197E-01     -9.980841E-02      9.911127E-02
      0.188496      1.988038E-01     -9.815476E-02      1.006490E-01
      0.219911      1.986678E-01     -9.621597E-02      1.024519E-01
      0.251327      1.985125E-01     -9.399969E-02      1.045128E-01
      0.282743      1.983383E-01     -9.151466E-02      1.068236E-01
      0.314159      1.981459E-01     -8.877069E-02      1.093752E-01
      0.345575      1.979362E-01     -8.577861E-02      1.121576E-01
      0.376991      1.977098E-01     -8.255022E-02      1.151596E-01
      0.408407      1.974679E-01     -7.909828E-02      1.183696E-01
      0.439823      1.972112E-01     -7.543640E-02      1.217748E-01
      0.471239      1.969408E-01     -7.157903E-02      1.253617E-01
      0.502655      1.966577E-01     -6.754140E-02      1.291163E-01
      0.534071      1.963631E-01     -6.333944E-02      1.330237E-01
      0.565487      1.960582E-01     -5.898974E-02      1.370685E-01
      0.596903      1.957442E-01     -5.450946E-02      1.412347E-01
      0.628319      1.954222E-01     -4.991628E-02      1.455059E-01
      0.659734      1.950935E-01     -4.522833E-02      1.498652E-01
      0.691150      1.947596E-01     -4.046412E-02      1.542954E-01
      0.722566      1.944215E-01     -3.564243E-02      1.587791E-01
      0.753982      1.940808E-01     -3.078231E-02      1.632985E-01
      0.785398      1.937388E-01     -2.590294E-02      1.678359E-01
      0.816814      1.933967E-01     -2.102356E-02      1.723732E-01
      0.848230      1.930560E-01     -1.616344E-02      1.768926E-01
      0.879646      1.927180E-01     -1.134176E-02      1.813763E-01
      0.911062      1.923841E-01     -6.577542E-03      1.858065E-01
      0.942478      1.920554E-01     -1.889594E-03      1.901658E-01
      0.973894      1.917334E-01      2.703584E-03      1.944370E-01
      1.005310      1.914194E-01      7.183866E-03      1.986032E-01
      1.036726      1.911144E-01      1.153357E-02      2.026480E-01
      1.068142      1.908199E-01      1.573553E-02      2.065554E-01
      1.099557      1.905368E-01      1.977316E-02      2.103100E-01
      1.130973      1.902664E-01      2.363052E-02      2.138969E-01
      1.162389      1.900097E-01      2.729240E-02      2.173021E-01
      1.193805      1.897677E-01      3.074435E-02      2.205121E-01
      1.225221      1.895414E-01      3.397273E-02      2.235142E-01
      1.256637      1.893317E-01      3.696481E-02      2.262965E-01
      1.288053      1.891393E-01      3.970878E-02      2.288481E-01
      1.319469      1.889651E-01      4.219381E-02      2.311589E-01
      1.350885      1.888097E-01      4.441010E-02      2.332198E-01
      1.382301      1.886738E-01      4.634889E-02      2.350227E-01
      1.413717      1.885579E-01      4.800253E-02      2.365604E-01
      1.445133      1.884624E-01      4.936451E-02      2.378269E-01
      1.476549      1.883878E-01      5.042944E-02      2.388172E-01
      1.507964      1.883342E-01      5.119312E-02      2.395274E-01
      1.539380      1.883020E-01      5.165253E-02      2.399546E-01
      1.570796      1.882913E-01      5.180587E-02      2.400972E-01
      1.602212      1.883020E-01      5.165253E-02      2.399546E-01
      1.633628      1.883342E-01      5.119312E-02      2.395274E-01
      1.665044      1.883878E-01      5.042944E-02      2.388172E-01
      1.696460      1.884624E-01      4.936451E-02      2.378269E-01
      1.727876      1.885579E-01      4.800253E-02      2.365604E-01
      1.759292      1.886738E-01      4.634889E-02      2.350227E-01
      1.790708      1.888097E-01      4.441010E-02      2.332198E-01
      1.822124      1.889651E-01      4.219381E-02      2.311589E-01
      1.853540      1.891393E-01      3.970878E-02      2.288481E-01
      1.884956      1.893317E-01      3.696481E-02      2.262965E-01
      1.916372      1.895414E-01      3.397273E-02      2.235142E-01
      1.947787      1.897677E-01      3.074435E-02      2.205121E-01
      1.979203      1.900097E-01      2.729240E-02      2.173021E-01
      2.010619      1.902664E-01      2.363052E-02      2.138969E-01
      2.042035      1.905368E-01      1.977316E-02      2.103100E-01
      2.073451      1.908199E-01      1.573553E-02      2.065554E-01
      2.104867      1.911144E-01      1.153357E-02      2.026480E-01
      2.136283      1.914194E-01      7.183866E-03      1.986032E-01
      2.167699      1.917334E-01      2.703584E-03      1.944370E-01
      2.199115      1.920554E-01     -1.889594E-03      1.901658E-01
      2.230531      1.923841E-01     -6.577542E-03      1.858065E-01
      2.261947      1.927180E-01     -1.134176E-02      1.813763E-01
      2.293363      1.930560E-01     -1.616344E-02      1.768926E-01
      2.324779      1.933967E-01     -2.102356E-02      1.723732E-01
      2.356194      1.937388E-01     -2.590294E-02      1.678359E-01
      2.387610      1.940808E-01     -3.078231E-02      1.632985E-01
      2.419026      1.944215E-01     -3.564243E-02      1.587791E-01
      2.450442      1.947596E-01     -4.046412E-02      1.542954E-01
      2.481858      1.950935E-01     -4.522833E-02      1.498652E-01
      2.513274      1.954222E-01     -4.991628E-02      1.455059E-01
      2.544690      1.957442E-01     -5.450946E-02      1.412347E-01
      2.576106      1.960582E-01     -5.898974E-02      1.370685E-01
      2.607522      1.963631E-01     -6.333944E-02      1.330237E-01
      2.638938      1.966577E-01     -6.754140E-02      1.291163E-01
      2.670354      1.969408E-01     -7.157903E-02      1.253617E-01
      2.701770      1.972112E-01     -7.543640E-02      1.217748E-01
      2.733186      1.974679E-01     -7.909828E-02      1.183696E-01
      2.764602      1.977098E-01     -8.255022E-02      1.151596E-01
      2.796017      1.979362E-01     -8.577861E-02      1.121576E-01
      2.827433      1.981459E-01     -8.877069E-02      1.093752E-01
      2.858849      1.983383E-01     -9.151466E-02      1.068236E-01
      2.890265      1.985125E-01     -9.399969E-02      1.045128E-01
      2.921681      1.986678E-01     -9.621597E-02      1.024519E-01
      2.953097      1.988038E-01     -9.815476E-02      1.006490E-01
      2.984513      1.989197E-01     -9.980841E-02      9.911127E-02
      3.015929      1.990151E-01     -1.011704E-01      9.784477E-02
      3.047345      1.990898E-01     -1.022353E-01      9.685449E-02
      3.078761      1.991433E-01     -1.029990E-01      9.614435E-02
      3.110177      1.991755E-01     -1.034584E-01      9.571714E-02
      3.141593      1.991863E-01     -1.036117E-01      9.557454E-02
__________________________________
Energy=1.300000 eV
theta,rad   sq_contrib(lm)   cross_contrib(lml’m)   total_PAD
      0.000000      1.832211E-01     -1.105988E-01      7.262230E-02
      0.031416      1.832073E-01     -1.104351E-01      7.277224E-02
      0.062832      1.831662E-01     -1.099447E-01      7.322149E-02
      0.094248      1.830978E-01     -1.091295E-01      7.396826E-02
      0.125664      1.830024E-01     -1.079928E-01      7.500962E-02
      0.157080      1.828804E-01     -1.065390E-01      7.634144E-02
      0.188496      1.827323E-01     -1.047738E-01      7.795848E-02
      0.219911      1.825586E-01     -1.027043E-01      7.985435E-02
      0.251327      1.823601E-01     -1.003385E-01      8.202157E-02
      0.282743      1.821375E-01     -9.768592E-02      8.445158E-02
      0.314159      1.818917E-01     -9.475691E-02      8.713481E-02
      0.345575      1.816237E-01     -9.156306E-02      9.006065E-02
      0.376991      1.813345E-01     -8.811697E-02      9.321756E-02
      0.408407      1.810253E-01     -8.443224E-02      9.659309E-02
      0.439823      1.806973E-01     -8.052342E-02      1.001739E-01
      0.471239      1.803518E-01     -7.640594E-02      1.039459E-01
      0.502655      1.799902E-01     -7.209603E-02      1.078941E-01
      0.534071      1.796138E-01     -6.761072E-02      1.120031E-01
      0.565487      1.792242E-01     -6.296769E-02      1.162565E-01
      0.596903      1.788228E-01     -5.818528E-02      1.206376E-01
      0.628319      1.784114E-01     -5.328237E-02      1.251291E-01
      0.659734      1.779915E-01     -4.827829E-02      1.297132E-01
      0.691150      1.775648E-01     -4.319280E-02      1.343720E-01
      0.722566      1.771329E-01     -3.804597E-02      1.390869E-01
      0.753982      1.766975E-01     -3.285811E-02      1.438394E-01
      0.785398      1.762605E-01     -2.764969E-02      1.486108E-01
      0.816814      1.758234E-01     -2.244128E-02      1.533821E-01
      0.848230      1.753881E-01     -1.725342E-02      1.581347E-01
      0.879646      1.749562E-01     -1.210659E-02      1.628496E-01
      0.911062      1.745295E-01     -7.021096E-03      1.675084E-01
      0.942478      1.741095E-01     -2.017018E-03      1.720925E-01
      0.973894      1.736981E-01      2.885900E-03      1.765840E-01
      1.005310      1.732968E-01      7.668307E-03      1.809651E-01
      1.036726      1.729072E-01      1.231133E-02      1.852185E-01
      1.068142      1.725308E-01      1.679665E-02      1.893275E-01
      1.099557      1.721691E-01      2.110655E-02      1.932757E-01
      1.130973      1.718236E-01      2.522404E-02      1.970477E-01
      1.162389      1.714956E-01      2.913286E-02      2.006285E-01
      1.193805      1.711864E-01      3.281758E-02      2.040040E-01
      1.225221      1.708973E-01      3.626367E-02      2.071609E-01
      1.256637      1.706292E-01      3.945752E-02      2.100868E-01
      1.288053      1.703835E-01      4.238653E-02      2.127700E-01
      1.319469      1.701609E-01      4.503914E-02      2.152000E-01
      1.350885      1.699623E-01      4.740488E-02      2.173672E-01
      1.382301      1.697887E-01      4.947441E-02      2.192631E-01
      1.413717      1.696406E-01      5.123957E-02      2.208801E-01
      1.445133      1.695186E-01      5.269339E-02      2.222120E-01
      1.476549      1.694232E-01      5.383013E-02      2.232533E-01
      1.507964      1.693548E-01      5.464531E-02      2.240001E-01
      1.539380      1.693136E-01      5.513570E-02      2.244493E-01
      1.570796      1.692999E-01      5.529939E-02      2.245993E-01
      1.602212      1.693136E-01      5.513570E-02      2.244493E-01
      1.633628      1.693548E-01      5.464531E-02      2.240001E-01
      1.665044      1.694232E-01      5.383013E-02      2.232533E-01
      1.696460      1.695186E-01      5.269339E-02      2.222120E-01
      1.727876      1.696406E-01      5.123957E-02      2.208801E-01
      1.759292      1.697887E-01      4.947441E-02      2.192631E-01
      1.790708      1.699623E-01      4.740488E-02      2.173672E-01
      1.822124      1.701609E-01      4.503914E-02      2.152000E-01
      1.853540      1.703835E-01      4.238653E-02      2.127700E-01
      1.884956      1.706292E-01      3.945752E-02      2.100868E-01
      1.916372      1.708973E-01      3.626367E-02      2.071609E-01
      1.947787      1.711864E-01      3.281758E-02      2.040040E-01
      1.979203      1.714956E-01      2.913286E-02      2.006285E-01
      2.010619      1.718236E-01      2.522404E-02      1.970477E-01
      2.042035      1.721691E-01      2.110655E-02      1.932757E-01
      2.073451      1.725308E-01      1.679665E-02      1.893275E-01
      2.104867      1.729072E-01      1.231133E-02      1.852185E-01
      2.136283      1.732968E-01      7.668307E-03      1.809651E-01
      2.167699      1.736981E-01      2.885900E-03      1.765840E-01
      2.199115      1.741095E-01     -2.017018E-03      1.720925E-01
      2.230531      1.745295E-01     -7.021096E-03      1.675084E-01
      2.261947      1.749562E-01     -1.210659E-02      1.628496E-01
      2.293363      1.753881E-01     -1.725342E-02      1.581347E-01
      2.324779      1.758234E-01     -2.244128E-02      1.533821E-01
      2.356194      1.762605E-01     -2.764969E-02      1.486108E-01
      2.387610      1.766975E-01     -3.285811E-02      1.438394E-01
      2.419026      1.771329E-01     -3.804597E-02      1.390869E-01
      2.450442      1.775648E-01     -4.319280E-02      1.343720E-01
      2.481858      1.779915E-01     -4.827829E-02      1.297132E-01
      2.513274      1.784114E-01     -5.328237E-02      1.251291E-01
      2.544690      1.788228E-01     -5.818528E-02      1.206376E-01
      2.576106      1.792242E-01     -6.296769E-02      1.162565E-01
      2.607522      1.796138E-01     -6.761072E-02      1.120031E-01
      2.638938      1.799902E-01     -7.209603E-02      1.078941E-01
      2.670354      1.803518E-01     -7.640594E-02      1.039459E-01
      2.701770      1.806973E-01     -8.052342E-02      1.001739E-01
      2.733186      1.810253E-01     -8.443224E-02      9.659309E-02
      2.764602      1.813345E-01     -8.811697E-02      9.321756E-02
      2.796017      1.816237E-01     -9.156306E-02      9.006065E-02
      2.827433      1.818917E-01     -9.475691E-02      8.713481E-02
      2.858849      1.821375E-01     -9.768592E-02      8.445158E-02
      2.890265      1.823601E-01     -1.003385E-01      8.202157E-02
      2.921681      1.825586E-01     -1.027043E-01      7.985435E-02
      2.953097      1.827323E-01     -1.047738E-01      7.795848E-02
      2.984513      1.828804E-01     -1.065390E-01      7.634144E-02
      3.015929      1.830024E-01     -1.079928E-01      7.500962E-02
      3.047345      1.830978E-01     -1.091295E-01      7.396826E-02
      3.078761      1.831662E-01     -1.099447E-01      7.322149E-02
      3.110177      1.832073E-01     -1.104351E-01      7.277224E-02
      3.141593      1.832211E-01     -1.105988E-01      7.262230E-02
__________________________________
Energy=1.500000 eV
theta,rad   sq_contrib(lm)   cross_contrib(lml’m)   total_PAD
      0.000000      1.695561E-01     -1.153280E-01      5.422804E-02
      0.031416      1.695393E-01     -1.151574E-01      5.438198E-02
      0.062832      1.694892E-01     -1.146460E-01      5.484321E-02
      0.094248      1.694059E-01     -1.137960E-01      5.560990E-02
      0.125664      1.692896E-01     -1.126106E-01      5.667903E-02
      0.157080      1.691410E-01     -1.110946E-01      5.804637E-02
      0.188496      1.689605E-01     -1.092540E-01      5.970654E-02
      0.219911      1.687489E-01     -1.070960E-01      6.165297E-02
      0.251327      1.685070E-01     -1.046291E-01      6.387799E-02
      0.282743      1.682358E-01     -1.018630E-01      6.637282E-02
      0.314159      1.679364E-01     -9.880876E-02      6.912761E-02
      0.345575      1.676098E-01     -9.547834E-02      7.213149E-02
      0.376991      1.672575E-01     -9.188490E-02      7.537260E-02
      0.408407      1.668808E-01     -8.804261E-02      7.883815E-02
      0.439823      1.664811E-01     -8.396665E-02      8.251447E-02
      0.471239      1.660601E-01     -7.967310E-02      8.638704E-02
      0.502655      1.656195E-01     -7.517890E-02      9.044059E-02
      0.534071      1.651609E-01     -7.050179E-02      9.465911E-02
      0.565487      1.646862E-01     -6.566023E-02      9.902596E-02
      0.596903      1.641972E-01     -6.067332E-02      1.035239E-01
      0.628319      1.636959E-01     -5.556075E-02      1.081352E-01
      0.659734      1.631843E-01     -5.034270E-02      1.128416E-01
      0.691150      1.626644E-01     -4.503975E-02      1.176246E-01
      0.722566      1.621381E-01     -3.967284E-02      1.224653E-01
      0.753982      1.616077E-01     -3.426314E-02      1.273446E-01
      0.785398      1.610752E-01     -2.883201E-02      1.322432E-01
      0.816814      1.605427E-01     -2.340088E-02      1.371418E-01
      0.848230      1.600123E-01     -1.799118E-02      1.420211E-01
      0.879646      1.594861E-01     -1.262427E-02      1.468618E-01
      0.911062      1.589661E-01     -7.321322E-03      1.516448E-01
      0.942478      1.584545E-01     -2.103267E-03      1.563512E-01
      0.973894      1.579532E-01      3.009302E-03      1.609625E-01
      1.005310      1.574642E-01      7.996208E-03      1.654604E-01
      1.036726      1.569895E-01      1.283777E-02      1.698273E-01
      1.068142      1.565309E-01      1.751488E-02      1.740458E-01
      1.099557      1.560903E-01      2.200908E-02      1.780994E-01
      1.130973      1.556693E-01      2.630263E-02      1.819719E-01
      1.162389      1.552697E-01      3.037860E-02      1.856483E-01
      1.193805      1.548929E-01      3.422088E-02      1.891138E-01
      1.225221      1.545406E-01      3.781433E-02      1.923549E-01
      1.256637      1.542140E-01      4.114475E-02      1.953588E-01
      1.288053      1.539146E-01      4.419900E-02      1.981136E-01
      1.319469      1.536434E-01      4.696504E-02      2.006084E-01
      1.350885      1.534015E-01      4.943194E-02      2.028334E-01
      1.382301      1.531899E-01      5.158996E-02      2.047799E-01
      1.413717      1.530094E-01      5.343060E-02      2.064400E-01
      1.445133      1.528608E-01      5.494659E-02      2.078074E-01
      1.476549      1.527446E-01      5.613194E-02      2.088765E-01
      1.507964      1.526612E-01      5.698197E-02      2.096432E-01
      1.539380      1.526111E-01      5.749334E-02      2.101044E-01
      1.570796      1.525943E-01      5.766402E-02      2.102584E-01
      1.602212      1.526111E-01      5.749334E-02      2.101044E-01
      1.633628      1.526612E-01      5.698197E-02      2.096432E-01
      1.665044      1.527446E-01      5.613194E-02      2.088765E-01
      1.696460      1.528608E-01      5.494659E-02      2.078074E-01
      1.727876      1.530094E-01      5.343060E-02      2.064400E-01
      1.759292      1.531899E-01      5.158996E-02      2.047799E-01
      1.790708      1.534015E-01      4.943194E-02      2.028334E-01
      1.822124      1.536434E-01      4.696504E-02      2.006084E-01
      1.853540      1.539146E-01      4.419900E-02      1.981136E-01
      1.884956      1.542140E-01      4.114475E-02      1.953588E-01
      1.916372      1.545406E-01      3.781433E-02      1.923549E-01
      1.947787      1.548929E-01      3.422088E-02      1.891138E-01
      1.979203      1.552697E-01      3.037860E-02      1.856483E-01
      2.010619      1.556693E-01      2.630263E-02      1.819719E-01
      2.042035      1.560903E-01      2.200908E-02      1.780994E-01
      2.073451      1.565309E-01      1.751488E-02      1.740458E-01
      2.104867      1.569895E-01      1.283777E-02      1.698273E-01
      2.136283      1.574642E-01      7.996208E-03      1.654604E-01
      2.167699      1.579532E-01      3.009302E-03      1.609625E-01
      2.199115      1.584545E-01     -2.103267E-03      1.563512E-01
      2.230531      1.589661E-01     -7.321322E-03      1.516448E-01
      2.261947      1.594861E-01     -1.262427E-02      1.468618E-01
      2.293363      1.600123E-01     -1.799118E-02      1.420211E-01
      2.324779      1.605427E-01     -2.340088E-02      1.371418E-01
      2.356194      1.610752E-01     -2.883201E-02      1.322432E-01
      2.387610      1.616077E-01     -3.426314E-02      1.273446E-01
      2.419026      1.621381E-01     -3.967284E-02      1.224653E-01
      2.450442      1.626644E-01     -4.503975E-02      1.176246E-01
      2.481858      1.631843E-01     -5.034270E-02      1.128416E-01
      2.513274      1.636959E-01     -5.556075E-02      1.081352E-01
      2.544690      1.641972E-01     -6.067332E-02      1.035239E-01
      2.576106      1.646862E-01     -6.566023E-02      9.902596E-02
      2.607522      1.651609E-01     -7.050179E-02      9.465911E-02
      2.638938      1.656195E-01     -7.517890E-02      9.044059E-02
      2.670354      1.660601E-01     -7.967310E-02      8.638704E-02
      2.701770      1.664811E-01     -8.396665E-02      8.251447E-02
      2.733186      1.668808E-01     -8.804261E-02      7.883815E-02
      2.764602      1.672575E-01     -9.188490E-02      7.537260E-02
      2.796017      1.676098E-01     -9.547834E-02      7.213149E-02
      2.827433      1.679364E-01     -9.880876E-02      6.912761E-02
      2.858849      1.682358E-01     -1.018630E-01      6.637282E-02
      2.890265      1.685070E-01     -1.046291E-01      6.387799E-02
      2.921681      1.687489E-01     -1.070960E-01      6.165297E-02
      2.953097      1.689605E-01     -1.092540E-01      5.970654E-02
      2.984513      1.691410E-01     -1.110946E-01      5.804637E-02
      3.015929      1.692896E-01     -1.126106E-01      5.667903E-02
      3.047345      1.694059E-01     -1.137960E-01      5.560990E-02
      3.078761      1.694892E-01     -1.146460E-01      5.484321E-02
      3.110177      1.695393E-01     -1.151574E-01      5.438198E-02
      3.141593      1.695561E-01     -1.153280E-01      5.422804E-02
__________________________________
Energy=1.700000 eV
theta,rad   sq_contrib(lm)   cross_contrib(lml’m)   total_PAD
      0.000000      1.578301E-01     -1.181917E-01      3.963846E-02
      0.031416      1.578105E-01     -1.180168E-01      3.979370E-02
      0.062832      1.577515E-01     -1.174927E-01      4.025881E-02
      0.094248      1.576535E-01     -1.166216E-01      4.103194E-02
      0.125664      1.575168E-01     -1.154068E-01      4.211006E-02
      0.157080      1.573420E-01     -1.138531E-01      4.348890E-02
      0.188496      1.571298E-01     -1.119668E-01      4.516303E-02
      0.219911      1.568810E-01     -1.097552E-01      4.712583E-02
      0.251327      1.565966E-01     -1.072270E-01      4.936956E-02
      0.282743      1.562777E-01     -1.043923E-01      5.188536E-02
      0.314159      1.559255E-01     -1.012622E-01      5.466331E-02
      0.345575      1.555416E-01     -9.784911E-02      5.769245E-02
      0.376991      1.551272E-01     -9.416644E-02      6.096081E-02
      0.408407      1.546842E-01     -9.022875E-02      6.445550E-02
      0.439823      1.542143E-01     -8.605158E-02      6.816273E-02
      0.471239      1.537193E-01     -8.165141E-02      7.206787E-02
      0.502655      1.532011E-01     -7.704562E-02      7.615550E-02
      0.534071      1.526619E-01     -7.225238E-02      8.040949E-02
      0.565487      1.521037E-01     -6.729060E-02      8.481306E-02
      0.596903      1.515287E-01     -6.217986E-02      8.934883E-02
      0.628319      1.509392E-01     -5.694035E-02      9.399889E-02
      0.659734      1.503376E-01     -5.159273E-02      9.874489E-02
      0.691150      1.497262E-01     -4.615810E-02      1.035681E-01
      0.722566      1.491074E-01     -4.065793E-02      1.084495E-01
      0.753982      1.484837E-01     -3.511391E-02      1.133698E-01
      0.785398      1.478575E-01     -2.954792E-02      1.183096E-01
      0.816814      1.472313E-01     -2.398193E-02      1.232494E-01
      0.848230      1.466076E-01     -1.843791E-02      1.281697E-01
      0.879646      1.459888E-01     -1.293774E-02      1.330511E-01
      0.911062      1.453774E-01     -7.503113E-03      1.378743E-01
      0.942478      1.447758E-01     -2.155492E-03      1.426203E-01
      0.973894      1.441864E-01      3.084024E-03      1.472704E-01
      1.005310      1.436114E-01      8.194757E-03      1.518061E-01
      1.036726      1.430532E-01      1.315654E-02      1.562097E-01
      1.068142      1.425139E-01      1.794978E-02      1.604637E-01
      1.099557      1.419958E-01      2.255557E-02      1.645513E-01
      1.130973      1.415007E-01      2.695574E-02      1.684565E-01
      1.162389      1.410308E-01      3.113291E-02      1.721637E-01
      1.193805      1.405878E-01      3.507060E-02      1.756584E-01
      1.225221      1.401735E-01      3.875327E-02      1.789268E-01
      1.256637      1.397895E-01      4.216639E-02      1.819559E-01
      1.288053      1.394374E-01      4.529648E-02      1.847338E-01
      1.319469      1.391185E-01      4.813120E-02      1.872497E-01
      1.350885      1.388340E-01      5.065935E-02      1.894934E-01
      1.382301      1.385852E-01      5.287096E-02      1.914562E-01
      1.413717      1.383730E-01      5.475730E-02      1.931303E-01
      1.445133      1.381982E-01      5.631093E-02      1.945091E-01
      1.476549      1.380616E-01      5.752571E-02      1.955873E-01
      1.507964      1.379635E-01      5.839686E-02      1.963604E-01
      1.539380      1.379046E-01      5.892092E-02      1.968255E-01
      1.570796      1.378849E-01      5.909584E-02      1.969807E-01
      1.602212      1.379046E-01      5.892092E-02      1.968255E-01
      1.633628      1.379635E-01      5.839686E-02      1.963604E-01
      1.665044      1.380616E-01      5.752571E-02      1.955873E-01
      1.696460      1.381982E-01      5.631093E-02      1.945091E-01
      1.727876      1.383730E-01      5.475730E-02      1.931303E-01
      1.759292      1.385852E-01      5.287096E-02      1.914562E-01
      1.790708      1.388340E-01      5.065935E-02      1.894934E-01
      1.822124      1.391185E-01      4.813120E-02      1.872497E-01
      1.853540      1.394374E-01      4.529648E-02      1.847338E-01
      1.884956      1.397895E-01      4.216639E-02      1.819559E-01
      1.916372      1.401735E-01      3.875327E-02      1.789268E-01
      1.947787      1.405878E-01      3.507060E-02      1.756584E-01
      1.979203      1.410308E-01      3.113291E-02      1.721637E-01
      2.010619      1.415007E-01      2.695574E-02      1.684565E-01
      2.042035      1.419958E-01      2.255557E-02      1.645513E-01
      2.073451      1.425139E-01      1.794978E-02      1.604637E-01
      2.104867      1.430532E-01      1.315654E-02      1.562097E-01
      2.136283      1.436114E-01      8.194757E-03      1.518061E-01
      2.167699      1.441864E-01      3.084024E-03      1.472704E-01
      2.199115      1.447758E-01     -2.155492E-03      1.426203E-01
      2.230531      1.453774E-01     -7.503113E-03      1.378743E-01
      2.261947      1.459888E-01     -1.293774E-02      1.330511E-01
      2.293363      1.466076E-01     -1.843791E-02      1.281697E-01
      2.324779      1.472313E-01     -2.398193E-02      1.232494E-01
      2.356194      1.478575E-01     -2.954792E-02      1.183096E-01
      2.387610      1.484837E-01     -3.511391E-02      1.133698E-01
      2.419026      1.491074E-01     -4.065793E-02      1.084495E-01
      2.450442      1.497262E-01     -4.615810E-02      1.035681E-01
      2.481858      1.503376E-01     -5.159273E-02      9.874489E-02
      2.513274      1.509392E-01     -5.694035E-02      9.399889E-02
      2.544690      1.515287E-01     -6.217986E-02      8.934883E-02
      2.576106      1.521037E-01     -6.729060E-02      8.481306E-02
      2.607522      1.526619E-01     -7.225238E-02      8.040949E-02
      2.638938      1.532011E-01     -7.704562E-02      7.615550E-02
      2.670354      1.537193E-01     -8.165141E-02      7.206787E-02
      2.701770      1.542143E-01     -8.605158E-02      6.816273E-02
      2.733186      1.546842E-01     -9.022875E-02      6.445550E-02
      2.764602      1.551272E-01     -9.416644E-02      6.096081E-02
      2.796017      1.555416E-01     -9.784911E-02      5.769245E-02
      2.827433      1.559255E-01     -1.012622E-01      5.466331E-02
      2.858849      1.562777E-01     -1.043923E-01      5.188536E-02
      2.890265      1.565966E-01     -1.072270E-01      4.936956E-02
      2.921681      1.568810E-01     -1.097552E-01      4.712583E-02
      2.953097      1.571298E-01     -1.119668E-01      4.516303E-02
      2.984513      1.573420E-01     -1.138531E-01      4.348890E-02
      3.015929      1.575168E-01     -1.154068E-01      4.211006E-02
      3.047345      1.576535E-01     -1.166216E-01      4.103194E-02
      3.078761      1.577515E-01     -1.174927E-01      4.025881E-02
      3.110177      1.578105E-01     -1.180168E-01      3.979370E-02
      3.141593      1.578301E-01     -1.181917E-01      3.963846E-02
__________________________________
Energy=1.900000 eV
theta,rad   sq_contrib(lm)   cross_contrib(lml’m)   total_PAD
      0.000000      1.477359E-01     -1.195241E-01      2.821180E-02
      0.031416      1.477133E-01     -1.193472E-01      2.836617E-02
      0.062832      1.476459E-01     -1.188172E-01      2.882870E-02
      0.094248      1.475338E-01     -1.179362E-01      2.959754E-02
      0.125664      1.473774E-01     -1.167078E-01      3.066968E-02
      0.157080      1.471775E-01     -1.151366E-01      3.204086E-02
      0.188496      1.469347E-01     -1.132290E-01      3.370570E-02
      0.219911      1.466501E-01     -1.109925E-01      3.565760E-02
      0.251327      1.463247E-01     -1.084358E-01      3.788888E-02
      0.282743      1.459599E-01     -1.055691E-01      4.039072E-02
      0.314159      1.455570E-01     -1.024038E-01      4.315325E-02
      0.345575      1.451177E-01     -9.895217E-02      4.616557E-02
      0.376991      1.446438E-01     -9.522798E-02      4.941580E-02
      0.408407      1.441370E-01     -9.124590E-02      5.289109E-02
      0.439823      1.435994E-01     -8.702164E-02      5.657774E-02
      0.471239      1.430331E-01     -8.257187E-02      6.046120E-02
      0.502655      1.424403E-01     -7.791416E-02      6.452615E-02
      0.534071      1.418234E-01     -7.306688E-02      6.875653E-02
      0.565487      1.411848E-01     -6.804917E-02      7.313566E-02
      0.596903      1.405271E-01     -6.288082E-02      7.764624E-02
      0.628319      1.398527E-01     -5.758224E-02      8.227049E-02
      0.659734      1.391645E-01     -5.217433E-02      8.699015E-02
      0.691150      1.384650E-01     -4.667845E-02      9.178660E-02
      0.722566      1.377572E-01     -4.111627E-02      9.664090E-02
      0.753982      1.370436E-01     -3.550975E-02      1.015339E-01
      0.785398      1.363273E-01     -2.988101E-02      1.064463E-01
      0.816814      1.356109E-01     -2.425228E-02      1.113587E-01
      0.848230      1.348974E-01     -1.864576E-02      1.162517E-01
      0.879646      1.341895E-01     -1.308358E-02      1.211060E-01
      0.911062      1.334901E-01     -7.587696E-03      1.259024E-01
      0.942478      1.328019E-01     -2.179791E-03      1.306221E-01
      0.973894      1.321275E-01      3.118791E-03      1.352463E-01
      1.005310      1.314698E-01      8.287137E-03      1.397569E-01
      1.036726      1.308312E-01      1.330485E-02      1.441360E-01
      1.068142      1.302143E-01      1.815213E-02      1.483664E-01
      1.099557      1.296215E-01      2.280984E-02      1.524314E-01
      1.130973      1.290552E-01      2.725961E-02      1.563148E-01
      1.162389      1.285176E-01      3.148387E-02      1.600015E-01
      1.193805      1.280108E-01      3.546595E-02      1.634768E-01
      1.225221      1.275368E-01      3.919014E-02      1.667270E-01
      1.256637      1.270976E-01      4.264173E-02      1.697393E-01
      1.288053      1.266947E-01      4.580711E-02      1.725018E-01
      1.319469      1.263299E-01      4.867378E-02      1.750037E-01
      1.350885      1.260045E-01      5.123044E-02      1.772349E-01
      1.382301      1.257199E-01      5.346698E-02      1.791869E-01
      1.413717      1.254771E-01      5.537459E-02      1.808517E-01
      1.445133      1.252771E-01      5.694573E-02      1.822229E-01
      1.476549      1.251208E-01      5.817420E-02      1.832950E-01
      1.507964      1.250087E-01      5.905517E-02      1.840639E-01
      1.539380      1.249412E-01      5.958514E-02      1.845264E-01
      1.570796      1.249187E-01      5.976203E-02      1.846808E-01
      1.602212      1.249412E-01      5.958514E-02      1.845264E-01
      1.633628      1.250087E-01      5.905517E-02      1.840639E-01
      1.665044      1.251208E-01      5.817420E-02      1.832950E-01
      1.696460      1.252771E-01      5.694573E-02      1.822229E-01
      1.727876      1.254771E-01      5.537459E-02      1.808517E-01
      1.759292      1.257199E-01      5.346698E-02      1.791869E-01
      1.790708      1.260045E-01      5.123044E-02      1.772349E-01
      1.822124      1.263299E-01      4.867378E-02      1.750037E-01
      1.853540      1.266947E-01      4.580711E-02      1.725018E-01
      1.884956      1.270976E-01      4.264173E-02      1.697393E-01
      1.916372      1.275368E-01      3.919014E-02      1.667270E-01
      1.947787      1.280108E-01      3.546595E-02      1.634768E-01
      1.979203      1.285176E-01      3.148387E-02      1.600015E-01
      2.010619      1.290552E-01      2.725961E-02      1.563148E-01
      2.042035      1.296215E-01      2.280984E-02      1.524314E-01
      2.073451      1.302143E-01      1.815213E-02      1.483664E-01
      2.104867      1.308312E-01      1.330485E-02      1.441360E-01
      2.136283      1.314698E-01      8.287137E-03      1.397569E-01
      2.167699      1.321275E-01      3.118791E-03      1.352463E-01
      2.199115      1.328019E-01     -2.179791E-03      1.306221E-01
      2.230531      1.334901E-01     -7.587696E-03      1.259024E-01
      2.261947      1.341895E-01     -1.308358E-02      1.211060E-01
      2.293363      1.348974E-01     -1.864576E-02      1.162517E-01
      2.324779      1.356109E-01     -2.425228E-02      1.113587E-01
      2.356194      1.363273E-01     -2.988101E-02      1.064463E-01
      2.387610      1.370436E-01     -3.550975E-02      1.015339E-01
      2.419026      1.377572E-01     -4.111627E-02      9.664090E-02
      2.450442      1.384650E-01     -4.667845E-02      9.178660E-02
      2.481858      1.391645E-01     -5.217433E-02      8.699015E-02
      2.513274      1.398527E-01     -5.758224E-02      8.227049E-02
      2.544690      1.405271E-01     -6.288082E-02      7.764624E-02
      2.576106      1.411848E-01     -6.804917E-02      7.313566E-02
      2.607522      1.418234E-01     -7.306688E-02      6.875653E-02
      2.638938      1.424403E-01     -7.791416E-02      6.452615E-02
      2.670354      1.430331E-01     -8.257187E-02      6.046120E-02
      2.701770      1.435994E-01     -8.702164E-02      5.657774E-02
      2.733186      1.441370E-01     -9.124590E-02      5.289109E-02
      2.764602      1.446438E-01     -9.522798E-02      4.941580E-02
      2.796017      1.451177E-01     -9.895217E-02      4.616557E-02
      2.827433      1.455570E-01     -1.024038E-01      4.315325E-02
      2.858849      1.459599E-01     -1.055691E-01      4.039072E-02
      2.890265      1.463247E-01     -1.084358E-01      3.788888E-02
      2.921681      1.466501E-01     -1.109925E-01      3.565760E-02
      2.953097      1.469347E-01     -1.132290E-01      3.370570E-02
      2.984513      1.471775E-01     -1.151366E-01      3.204086E-02
      3.015929      1.473774E-01     -1.167078E-01      3.066968E-02
      3.047345      1.475338E-01     -1.179362E-01      2.959754E-02
      3.078761      1.476459E-01     -1.188172E-01      2.882870E-02
      3.110177      1.477133E-01     -1.193472E-01      2.836617E-02
      3.141593      1.477359E-01     -1.195241E-01      2.821180E-02
__________________________________
Energy=2.100000 eV
theta,rad   sq_contrib(lm)   cross_contrib(lml’m)   total_PAD
      0.000000      1.390121E-01     -1.196096E-01      1.940245E-02
      0.031416      1.389869E-01     -1.194326E-01      1.955427E-02
      0.062832      1.389114E-01     -1.189023E-01      2.000913E-02
      0.094248      1.387859E-01     -1.180207E-01      2.076525E-02
      0.125664      1.386109E-01     -1.167913E-01      2.181962E-02
      0.157080      1.383871E-01     -1.152190E-01      2.316810E-02
      0.188496      1.381154E-01     -1.133101E-01      2.480536E-02
      0.219911      1.377969E-01     -1.110719E-01      2.672494E-02
      0.251327      1.374327E-01     -1.085134E-01      2.891926E-02
      0.282743      1.370244E-01     -1.056447E-01      3.137967E-02
      0.314159      1.365735E-01     -1.024771E-01      3.409645E-02
      0.345575      1.360819E-01     -9.902300E-02      3.705888E-02
      0.376991      1.355514E-01     -9.529615E-02      4.025527E-02
      0.408407      1.349842E-01     -9.131122E-02      4.367301E-02
      0.439823      1.343825E-01     -8.708394E-02      4.729860E-02
      0.471239      1.337487E-01     -8.263098E-02      5.111774E-02
      0.502655      1.330853E-01     -7.796993E-02      5.511536E-02
      0.534071      1.323949E-01     -7.311918E-02      5.927568E-02
      0.565487      1.316802E-01     -6.809788E-02      6.358228E-02
      0.596903      1.309440E-01     -6.292583E-02      6.801817E-02
      0.628319      1.301893E-01     -5.762346E-02      7.256583E-02
      0.659734      1.294190E-01     -5.221168E-02      7.720732E-02
      0.691150      1.286362E-01     -4.671186E-02      8.192433E-02
      0.722566      1.278439E-01     -4.114570E-02      8.669823E-02
      0.753982      1.270454E-01     -3.553517E-02      9.151019E-02
      0.785398      1.262436E-01     -2.990240E-02      9.634122E-02
      0.816814      1.254419E-01     -2.426964E-02      1.011722E-01
      0.848230      1.246433E-01     -1.865911E-02      1.059842E-01
      0.879646      1.238511E-01     -1.309295E-02      1.107581E-01
      0.911062      1.230682E-01     -7.593128E-03      1.154751E-01
      0.942478      1.222980E-01     -2.181351E-03      1.201166E-01
      0.973894      1.215432E-01      3.121023E-03      1.246643E-01
      1.005310      1.208071E-01      8.293069E-03      1.291001E-01
      1.036726      1.200924E-01      1.331438E-02      1.334067E-01
      1.068142      1.194019E-01      1.816512E-02      1.375671E-01
      1.099557      1.187385E-01      2.282617E-02      1.415647E-01
      1.130973      1.181047E-01      2.727913E-02      1.453838E-01
      1.162389      1.175030E-01      3.150641E-02      1.490094E-01
      1.193805      1.169358E-01      3.549134E-02      1.524272E-01
      1.225221      1.164054E-01      3.921819E-02      1.556236E-01
      1.256637      1.159137E-01      4.267226E-02      1.585860E-01
      1.288053      1.154629E-01      4.583990E-02      1.613028E-01
      1.319469      1.150545E-01      4.870863E-02      1.637632E-01
      1.350885      1.146904E-01      5.126711E-02      1.659575E-01
      1.382301      1.143718E-01      5.350525E-02      1.678771E-01
      1.413717      1.141001E-01      5.541423E-02      1.695143E-01
      1.445133      1.138763E-01      5.698649E-02      1.708628E-01
      1.476549      1.137013E-01      5.821585E-02      1.719172E-01
      1.507964      1.135759E-01      5.909744E-02      1.726733E-01
      1.539380      1.135004E-01      5.962779E-02      1.731282E-01
      1.570796      1.134752E-01      5.980481E-02      1.732800E-01
      1.602212      1.135004E-01      5.962779E-02      1.731282E-01
      1.633628      1.135759E-01      5.909744E-02      1.726733E-01
      1.665044      1.137013E-01      5.821585E-02      1.719172E-01
      1.696460      1.138763E-01      5.698649E-02      1.708628E-01
      1.727876      1.141001E-01      5.541423E-02      1.695143E-01
      1.759292      1.143718E-01      5.350525E-02      1.678771E-01
      1.790708      1.146904E-01      5.126711E-02      1.659575E-01
      1.822124      1.150545E-01      4.870863E-02      1.637632E-01
      1.853540      1.154629E-01      4.583990E-02      1.613028E-01
      1.884956      1.159137E-01      4.267226E-02      1.585860E-01
      1.916372      1.164054E-01      3.921819E-02      1.556236E-01
      1.947787      1.169358E-01      3.549134E-02      1.524272E-01
      1.979203      1.175030E-01      3.150641E-02      1.490094E-01
      2.010619      1.181047E-01      2.727913E-02      1.453838E-01
      2.042035      1.187385E-01      2.282617E-02      1.415647E-01
      2.073451      1.194019E-01      1.816512E-02      1.375671E-01
      2.104867      1.200924E-01      1.331438E-02      1.334067E-01
      2.136283      1.208071E-01      8.293069E-03      1.291001E-01
      2.167699      1.215432E-01      3.121023E-03      1.246643E-01
      2.199115      1.222980E-01     -2.181351E-03      1.201166E-01
      2.230531      1.230682E-01     -7.593128E-03      1.154751E-01
      2.261947      1.238511E-01     -1.309295E-02      1.107581E-01
      2.293363      1.246433E-01     -1.865911E-02      1.059842E-01
      2.324779      1.254419E-01     -2.426964E-02      1.011722E-01
      2.356194      1.262436E-01     -2.990240E-02      9.634122E-02
      2.387610      1.270454E-01     -3.553517E-02      9.151019E-02
      2.419026      1.278439E-01     -4.114570E-02      8.669823E-02
      2.450442      1.286362E-01     -4.671186E-02      8.192433E-02
      2.481858      1.294190E-01     -5.221168E-02      7.720732E-02
      2.513274      1.301893E-01     -5.762346E-02      7.256583E-02
      2.544690      1.309440E-01     -6.292583E-02      6.801817E-02
      2.576106      1.316802E-01     -6.809788E-02      6.358228E-02
      2.607522      1.323949E-01     -7.311918E-02      5.927568E-02
      2.638938      1.330853E-01     -7.796993E-02      5.511536E-02
      2.670354      1.337487E-01     -8.263098E-02      5.111774E-02
      2.701770      1.343825E-01     -8.708394E-02      4.729860E-02
      2.733186      1.349842E-01     -9.131122E-02      4.367301E-02
      2.764602      1.355514E-01     -9.529615E-02      4.025527E-02
      2.796017      1.360819E-01     -9.902300E-02      3.705888E-02
      2.827433      1.365735E-01     -1.024771E-01      3.409645E-02
      2.858849      1.370244E-01     -1.056447E-01      3.137967E-02
      2.890265      1.374327E-01     -1.085134E-01      2.891926E-02
      2.921681      1.377969E-01     -1.110719E-01      2.672494E-02
      2.953097      1.381154E-01     -1.133101E-01      2.480536E-02
      2.984513      1.383871E-01     -1.152190E-01      2.316810E-02
      3.015929      1.386109E-01     -1.167913E-01      2.181962E-02
      3.047345      1.387859E-01     -1.180207E-01      2.076525E-02
      3.078761      1.389114E-01     -1.189023E-01      2.000913E-02
      3.110177      1.389869E-01     -1.194326E-01      1.955427E-02
      3.141593      1.390121E-01     -1.196096E-01      1.940245E-02
__________________________________
